dir <- c("10_0","10_1","10_2","10_3","10_4","10_5","10_6","10_7","10_8","10_9","10_10")
file_num <- c(10,10,10,10,10,10,10,10,10,10,10)
data_num <- c(0:10)