dir <- c("7","10","10_2","15")
file_num <- c(7,10,10,15)
data_num <- c(0:5)